current = [17.00
17.00
25.00
29.00
22.00
18.00
26.00
24.00
16.00
22.00
19.00
30.00
21.00
25.00
19.00
26.00
20.00
27.00
28.00
29.00
24.00
17.00
20.00
32.00
19.00
30.00
25.00
33.00
17.00
24.00
32.00
16.00
29.00
30.00
31.00
17.00
23.00
20.00
30.00
23.00
31.00
19.00
20.00
18.00
18.00
31.00
26.00
25.00
18.00
31.00
27.00
22.00
25.00
23.00
17.00
20.00
18.00
19.00
17.00
17.00
31.00
32.00
24.00
24.00
22.00
31.00
22.00
18.00
29.00
23.00
20.00
23.00
18.00
18.00
32.00
32.00
26.00
17.00
20.00
22.00
30.00
16.00
17.00
19.00
27.00
28.00];

Target_rating = [.07
.07
.18
.28
.17
.08
.26
.25
.02
.16
.05
.38
.10
.19
.08
.33
.04
.26
.35
.40
.22
.07
.11
.51
.12
.34
.19
.42
.06
.09
.37
.05
.25
.23
.35
.07
.11
.07
.28
.13
.30
.06
.14
.09
.09
.28
.22
.25
.13
.46
.37
.25
.31
.23
.14
.18
.19
.19
.00
.03
.35
.49
.30
.20
.09
.37
.13
.09
.45
.26
.09
.20
.11
.11
.31
.44
.36
.06
.10
.10
.45
.07
.06
.19
.21
.37]; 

Emp_11 = [0.9730
    0.9995
    0.9658
    0.6492
    0.9993
    0.9586
    0.4778
    0.2364
    0.2509
    0.7492
    0.2080
    0.5072
    0.8795
    0.7780
    0.9347
    0.1802
    0.8087
    1.0000
    0.9028
    0.9360
    0.8678
    0.9706
    0.4545
    0.9389
    0.2859
    0.4772
    0.4532
    0.9016
    0.5862
    0.5899
    0.5222
    0.5427
    0.8463
    0.4848
    0.5914
    0.7313
    0.9163
    0.9078
    0.5619
    0.9337
    0.9545
    0.9792
    0.9237
    0.8751
    0.4758
    0.5905
    0.9154
    0.7181
    0.8258
    0.9667
    0.7078
    0.9333
    0.8570
    0.9385
    0.7706
    0.8822
    0.5155
    0.5934
    0.8776
    0.9028
    0.5064
    0.5951
    0.9624
    0.9073
    0.8953
    0.9357
    0.9098
    0.9470
    0.9035
    0.9049
    0.8567
    0.9377
    0.4956
    0.8891
    0.8631
    0.9304
    0.9036
    0.9492
    0.6528
    0.6065
    0.6027
    0.7610
    0.8624
    0.7165
    0.8597
    0.6377];

Emp_12 = [ 0.0486
    0.5228
    0.5519
    0.7813
    0.0848
    0.0471
    0.0491
    0.0317
    0.0518
    0.0626
    0.3420
    0.0780
    0.1086
    0.0749
    0.4215
    0.0544
    0.1496
    0.2627
    0.4644
    0.0496
    0.0782
    0.0294
    0.3076
    0.0437
    0.3273
    0.2071
    0.5648
    0.0462
    0.3171
    0.6495
    0.0659
    0.3295
    0.2813
    0.6375
    0.0435
    0.1235
    0.0660
    0.4150
    0.2800
    0.6264
    0.0292
    0.0315
    0.0314
    0.1125
    0.2572
    0.1264
    0.0590
    0.0724
    0.5490
    0.4207
    0.0578
    0.1212
    0.0556
    0.1106
    0.1228
    0.0297
    0.0932
    0.1505
    0.0612
    0.6963
    0.5769
    0.0406
    0.1958
    0.1656
    0.6101
    0.0436
    0.0555
    0.4030
    0.0391
    0.0333
    0.1223
    0.0713
    0.0143
    0.6450
    0.5168
    0.0555
    0.0995
    0.1410
    0.1629
    0.5336
    0.0560
    0.0717
    0.0930
    0.4725
    0.2850
    0.1950];

Emp_14 = [0.1049
    0.8835
    0.9352
    0.4597
    0.9895
    0.9962
    0.5777
    0.3311
    0.3322
    0.1774
    0.6594
    0.9589
    0.9735
    0.7386
    0.8820
    0.3471
    0.4732
    0.9112
    0.9704
    0.8781
    0.8696
    0.9943
    0.7264
    0.8633
    0.3531
    0.9073
    0.9312
    0.9079
    0.4466
    0.6172
    0.8075
    0.4603
    0.6231
    0.4988
    0.5561
    0.7455
    0.7992
    0.8865
    0.7738
    0.8772
    0.9243
    0.8311
    0.9521
    0.9596
    0.6486
    0.5966
    1.0000
    0.8531
    1.0000
    0.9954
    0.6568
    0.9886
    1.0000
    1.0000
    0.8415
    0.5355
    0.6486
    0.8496
    0.8899
    1.0000
    0.6785
    1.0000
    0.9935
    1.0000
    0.9919
    0.9993
    1.0000
    0.9992
    0.9945
    0.9786
    0.9941
    0.9983
    0.5576
    0.9959
    1.0000
    1.0000
    0.9994
    0.9978
    0.7223
    0.5013
    0.5708
    0.8079
    1.0000
    0.9271
    1.0000
    0.8961];

Emp_16 = [0.2772
    0.5681
    0.6868
    0.7861
    0.1386
    0.2618
    0.1240
    0.0847
    0.0597
    0.0325
    0.4922
    0.3210
    0.2910
    0.1293
    0.6030
    0.0683
    0.0752
    0.2320
    0.4548
    0.0857
    0.0869
    0.0066
    0.6262
    0.1434
    0.5929
    0.2340
    0.7312
    0.2438
    0.2383
    0.8293
    0.1231
    0.5871
    0.1702
    0.6933
    0.0492
    0.0667
         0
    0.6707
    0.4676
    0.8023
    0.1933
    0.0216
    0.1490
    0.2576
    0.1953
    0.0345
    0.0341
         0
    0.6237
    0.3366
    0.1804
    0.1879
    0.1639
    0.0114
    0.1088
    0.0790
    0.0057
    0.1454
    0.0435
    0.6524
    0.7319
    0.0040
    0.1321
    0.3625
    0.6577
    0.0172
    0.0012
    0.4968
    0.0091
    0.0213
    0.4232
    0.2350
    0.1786
         0
    0.7775
    0.1578
    0.2745
    0.1984
    0.3476
    0.7051
    0.0069
    0.2195
    0.2910
    0.5355
    0.1759
    0.6106];

Emp_20 = [ 0.1559
    0.3761
    0.6001
    0.5822
    1.0000
    0.9915
    0.5827
    0.3583
    0.2787
    0.4617
    0.2288
    1.0000
    0.9991
    0.7796
    0.9398
    0.1887
    0.3042
    0.0692
    0.9980
    0.8332
    1.0000
    0.8955
    0.8088
    0.9600
    0.3243
    0.8865
    0.8723
    1.0000
    0.6907
    0.7133
    0.8835
    0.6804
    0.9559
    0.5442
    0.5094
    0.7867
    1.0000
    0.9824
    0.7573
    1.0000
    0.9942
    1.0000
    0.9745
    1.0000
    0.7124
    0.3932
    1.0000
    0.7852
    1.0000
    1.0000
    0.5293
    0.8806
    0.9994
    0.9990
    0.8110
    0.5379
    0.5640
    0.8225
    1.0000
    0.9994
    0.7726
    0.9955
    0.9005
    1.0000
    1.0000
    0.9993
    0.9994
    1.0000
    1.0000
    0.9995
    0.9864
    0.8979
    0.5358
    1.0000
    1.0000
    1.0000
    1.0000
    0.9920
    0.6661
    0.5857
    0.6803
    0.8190
    0.9121
    0.8810
    1.0000
    0.8280];

Emp_21 = [ 0.1705
    0.7004
    0.8743
    1.0000
    0.0079
    0.0942
    0.0807
    0.1134
         0
    0.1014
    0.6093
    0.0351
    0.0841
    0.0520
    0.3480
    0.0008
    0.2087
    0.3197
    0.3517
         0
    0.1205
    0.0712
    0.6950
    0.1463
    0.7751
    0.2303
    0.9384
    0.1506
    0.3665
    0.9983
         0
    0.7346
    0.3093
    0.7683
         0
    0.0234
         0
    0.7105
    0.4015
    0.7227
    0.1665
    0.0389
    0.1630
    0.1821
    0.5345
    0.2081
    0.1932
    0.2218
    0.7447
    0.5003
    0.0006
    0.2705
    0.0492
         0
         0
    0.2345
         0
    0.0262
    0.2885
    0.8539
    0.9017
    0.1843
    0.1610
    0.2011
    0.7322
    0.1072
    0.0006
    0.7238
    0.2139
         0
    0.2698
    0.0055
    0.0008
    0.8687
    0.7431
         0
         0
    0.0007
    0.2715
    1.0000
    0.1060
    0.2545
    0.2761
    0.7868
    0.5663
    0.2291];

